176888
176889
176890
176980
176981
176982
177403
177404
177408
177556
177555
177558
177628
177629
177630
177826
177828
177827
178130
178129
178131
178219
178220
178221
178395
178396
178397
178500
178501
178502
178571
178572
178573
178740
178741
178742
178852
178853
178854
178984
178985
178986
179090
179092
179091
179340
179341
179342
179785
179786
179787
180085
180087
180086
180169
180171
180170
180261
180262
180263
180343
180342
180344
180453
180454
180455
180557
180558
180559
180628
180629
180627
