171867
171866
171865
172179
172181
172180
172271
172272
172273
172351
172352
172353
172440
172441
172442
172773
172774
172775
172909
172910
172911
173102
173103
173104
173193
173194
173195
173259
173260
173261
173520
173521
173522
173606
173605
173607
173853
173854
173855
173937
173938
173939
174588
174590
174589
174716
174718
174717
174787
174788
174789
174865
174866
174867
175000
175001
175002
175088
175089
175090
175203
175205
175204
175288
175289
175290
175472
175474
175473
175560
175561
175562
